1 -0.454823717850 -0.041549044858 1.204651857010 -0.962640273261 -0.006184920476 0.009210584527 0.270556136618
2 -0.454824165289 0.159724850508 1.269436456835 0.999436011053 0.003810777660 -0.010362046344 -0.031713918953
3 -0.454957464336 0.101043520229 1.261393118715 -0.995044226945 -0.003909195853 0.010340656420 0.098816913083
4 -0.454958739243 0.046925234237 1.246608163106 -0.986597960424 -0.004981478673 0.009842458864 0.162796751308
5 -0.454959636476 -0.000828378542 1.226969523809 -0.975398826503 -0.005288181272 0.009981474909 0.220157991972
6 -0.454886319189 -0.105406827935 1.156716593238 -0.934134745150 -0.006723445956 0.009300673234 0.356736005374
7 -0.454922890324 -0.169979445122 1.083726806128 -0.888829140727 -0.008308072113 0.008449586007 0.458085522477
8 -0.454894404319 -0.221382266452 0.987130540362 -0.824893747600 -0.008809110360 0.007499721497 0.565169413359
9 -0.454862912935 -0.247576715936 0.880659725588 -0.747882829170 -0.009254214867 0.006076090609 0.663738443468
10 -0.424711114537 -0.250519507653 0.829875215388 -0.707633849502 -0.033790044640 0.029994570288 0.705133250209
11 -0.422841916114 -0.237894192972 0.933571038029 0.786704044955 0.038551677624 -0.030149101153 -0.615387318993
12 -0.422867154436 -0.198447884227 1.037304583447 -0.857843896666 -0.041088216368 0.029996931070 0.511386153928
13 -0.424668166514 -0.138878762328 1.122981087949 -0.912388742555 -0.043490697779 0.030113759987 0.405892239394
14 -0.427685895509 -0.073428651572 1.183034226747 -0.948725202668 -0.043212278009 0.030095010501 0.311684914730
15 -0.392525512459 -0.245206239490 0.880137340110 -0.745347596196 -0.062348518353 0.053882307055 0.661563547186
16 -0.390608965531 -0.219483748674 0.985436164134 -0.820908477560 -0.070690847940 0.052576203768 0.564223205088
17 -0.392561625480 -0.168885938881 1.081338025112 -0.883977664006 -0.076827089575 0.051508771674 0.458288054788
18 -0.397394729354 -0.105223625540 1.154373903398 -0.929033449368 -0.079137380873 0.050313490371 0.357914353534
19 -0.410650718620 -0.030284517630 1.210480671384 -0.963054100438 -0.070096772901 0.044534317355 0.256183417711
20 -0.365665809153 -0.244355058538 0.829860652953 -0.704227558161 -0.081574127818 0.076798650586 0.701078584853
21 -0.360404103390 -0.231418174930 0.931433623990 -0.780241084233 -0.094186540300 0.075862913342 0.613675460936
22 -0.360446415856 -0.192833208271 1.033189320654 -0.849301111803 -0.106127950371 0.073850157106 0.511830675918
23 -0.407932234661 0.014415928907 1.232930404471 -0.974947777252 -0.079834490919 0.048917997961 0.201767990624
24 -0.365598572949 -0.135254736014 1.117949375411 -0.903037660416 -0.112430578180 0.072293660064 0.408235204936
25 -0.333551584932 -0.234831766434 0.878750554939 -0.738412368732 -0.113008947055 0.099504352930 0.657324153072
26 -0.378803005518 -0.062159582311 1.186290939532 -0.944639319594 -0.110449220982 0.066500689099 0.301720384934
27 -0.329947853349 -0.209205497360 0.980848662120 -0.810423899469 -0.129322771575 0.096986487765 0.563100658841
28 -0.311044087012 -0.231358377236 0.829927477887 -0.697434051159 -0.126251767651 0.121480006692 0.694902043671
29 -0.333419107405 -0.160913746373 1.074430523839 -0.871138147847 -0.141440423222 0.093439997587 0.460849116057
30 -0.303100836354 -0.217335863235 0.927572077919 0.769239468645 0.147370048767 -0.119280853442 -0.610184229132
31 -0.344923660126 -0.093452163356 1.153766405527 -0.919976981850 -0.146924298795 0.088919811706 0.352347665311
32 -0.405830494190 0.066475133218 1.251574153685 -0.984500433657 -0.090451027665 0.053931106357 0.140246035115
33 -0.302983443991 -0.180306394493 1.025445167744 -0.834576013908 -0.165077445287 0.115565841287 0.512715181430
34 -0.280590909080 -0.218103203045 0.876550927455 -0.728063287270 -0.159918020646 0.140943646116 0.651525112253
35 -0.361504826579 -0.014786031163 1.212160169498 -0.955108671489 -0.144064185377 0.082965749371 0.245213432431
36 -0.310218695622 -0.122013465168 1.113057926435 -0.888681709032 -0.178070608725 0.112799940688 0.407200022833
37 -0.275743974018 -0.192812022960 0.973877347042 -0.795292755796 -0.182372709303 0.136757426742 0.561735739103
38 -0.262649811698 -0.213382551873 0.829971642726 -0.689090226506 -0.166807735594 0.161809750056 0.686401814348
39 -0.253021587864 -0.198027925881 0.922586413364 -0.755119503595 -0.193831278467 0.158300232931 0.605941427785
40 -0.276959851240 -0.145305365625 1.064923759435 -0.851938722783 -0.203898070426 0.135155699720 0.462989128607
41 -0.325843830333 -0.045749214261 1.184278339089 -0.931582958367 -0.184317050238 0.107199302582 0.294429504419
42 -0.234739956193 -0.197497441249 0.874138727385 -0.716066731932 -0.199799659652 0.178517461912 0.644561908656
43 -0.247242754904 -0.161929131383 1.012111740989 -0.812276993750 -0.221132142598 0.157735332562 0.516164927781
44 -0.221202449488 -0.192473999406 0.829845963357 0.678931345397 0.203209932435 -0.197681343046 -0.677259215576
45 -0.288821916650 -0.075421543610 1.147600516354 -0.901152832461 -0.218549907145 0.131669399917 0.350460677730
46 -0.356288518425 0.034008592666 1.233558457648 0.964057149542 0.164357211928 -0.092362639526 -0.187215568261
47 -0.222736816597 -0.171351481795 0.957992947951 0.770260802863 0.232406693070 -0.179702639977 -0.566032148071
48 -0.203496456353 -0.174177182988 0.905523600417 -0.729402947285 -0.237115336692 0.200437487131 0.609567451743
49 -0.252778440190 -0.101664605140 1.102219916691 -0.865157567650 -0.246975795885 0.155593969224 0.407793897699
50 -0.189742030598 -0.171753502350 0.857136652514 -0.690575948666 -0.238085544893 0.220371691357 0.646418174993
51 -0.220249695235 -0.122241788036 1.050024160092 -0.824863772979 -0.265411058199 0.178689514688 0.466075949206
52 -0.404226589717 0.124663253560 1.264436565109 0.990204586706 0.102784721729 -0.060592095293 -0.072517462093
53 -0.309197382664 0.005276408773 1.208080443655 0.936527725072 0.224327924526 -0.126412601152 -0.237934158106
54 -0.193200823061 -0.135903490224 0.994640867421 -0.782150639749 -0.276003497586 0.201602690929 0.520978702007
55 -0.172596008968 -0.142847453371 0.939263208907 -0.740616548325 -0.279366535295 0.222576626080 0.569123114714
56 -0.270467267529 -0.023918439789 1.175940894631 -0.907027598514 -0.262242098156 0.151576598244 0.292497109778
57 -0.158266671670 -0.143940843107 0.887220538689 -0.700227782063 -0.278197799995 0.242930380864 0.610959797558
58 -0.155766667203 -0.146637115577 0.829880635166 -0.657880682803 -0.264027592880 0.258444988376 0.656268719543
59 -0.232024909170 -0.051060120377 1.134644193046 0.871694566966 0.291541706129 -0.176562335842 -0.352104762742
60 -0.196792882747 -0.074235155709 1.085184659762 -0.831900403549 -0.313114843287 0.200822178483 0.411790326491
61 -0.166925338948 -0.091952332516 1.030292902176 -0.789745082437 -0.323993205116 0.223439456429 0.470537909196
62 -0.352156270109 0.090118008529 1.250094151778 0.968512998343 0.189060010198 -0.103847736532 -0.124316286445
63 -0.144137235153 -0.103302778244 0.973721800892 -0.747282204432 -0.325596167019 0.245444197184 0.524703340855
64 -0.128396495468 -0.108669901493 0.918916356696 -0.706964821412 -0.322044783185 0.266173656024 0.570648307298
65 -0.122466406490 -0.113956908845 0.860015893885 -0.664788216200 -0.307947060652 0.283689352409 0.618664362673
66 -0.301735730234 0.057897498710 1.227063296995 0.938854105864 0.256248948351 -0.141849915381 -0.181019481692
67 -0.256118885858 0.029787169572 1.196917082983 0.905613456994 0.306082881789 -0.172437545430 -0.237577010226
68 -0.216030465013 0.003315872434 1.160506171282 0.871056681654 0.338180936439 -0.198268206992 -0.295945326954
69 -0.178441051574 -0.020983282869 1.115090027503 0.832191754441 0.360931247832 -0.221869819448 -0.357714003460
70 -0.145808951935 -0.041251367053 1.062837901516 -0.790844756484 -0.372299632065 0.245466379720 0.419170393048
71 -0.120332573611 -0.056354801779 1.006771646052 -0.749499178639 -0.374641163592 0.267534597505 0.475731253730
72 -0.102499816225 -0.066210449363 0.950902125047 -0.709545357963 -0.368766307632 0.287437427889 0.527196858176
73 -0.088609576968 -0.076010974237 0.829836226879 -0.624944460846 -0.334549565933 0.329841894992 0.623478419814
74 -0.092294736615 -0.073450945951 0.892161772581 -0.668733217956 -0.354745927818 0.307949950310 0.576296837470
75 -0.082455311071 -0.018378562522 0.981308442769 -0.707321269563 -0.416073203437 0.308622982531 0.480969409146
76 -0.067702356088 -0.026220705104 0.924197461034 -0.667876996118 -0.404003384093 0.330702610853 0.530431309169
77 -0.059718053941 -0.030392511198 0.862016916105 -0.625129015643 -0.384673250927 0.354330199750 0.579387884100
78 -0.102894077485 -0.004864258508 1.036501152651 -0.746021941415 -0.421988973998 0.288593581530 0.426720424080
79 -0.131128995951 0.013038856831 1.089861692121 -0.785776128445 -0.420101899160 0.267420421681 0.366819567677
80 -0.166024231315 0.034464369302 1.138096199329 0.825880235428 0.407043101831 -0.243199906267 -0.305109099254
81 -0.205151522330 0.057912446267 1.178754277098 0.863560841744 0.383121644400 -0.218405025646 -0.244498936289
82 -0.247169149733 0.085581468144 1.212346054464 0.899167600630 0.347763402891 -0.192924853356 -0.182587648594
83 -0.296208221498 0.117248497549 1.240262264022 0.935024135551 0.293460261319 -0.159207995817 -0.119430992237
84 -0.069097647400 0.032407119134 1.008588888969 -0.700349887989 -0.461620831960 0.328431416210 0.434222355040
85 -0.033932563642 0.018909883863 0.829883000924 -0.578351558185 -0.410017255846 0.404990450058 0.577389008632
86 -0.050659585587 0.025438881591 0.954599299366 -0.661527989344 -0.453237495884 0.351577912864 0.483062593978
87 -0.038282481041 0.020566989008 0.894051526961 -0.620979317520 -0.435447908878 0.376553855114 0.531955831757
88 -0.092462097976 0.048546512707 1.061176057210 -0.736931625397 -0.468002957911 0.308570662996 0.377742192095
89 -0.123145348737 0.067421550975 1.110700689511 0.775376578070 0.464210447733 -0.287136780583 -0.317572509054
90 -0.159501920057 0.088254121356 1.154229592109 0.813633882411 0.450138691806 -0.263807021583 -0.256477924527
91 -0.349512079735 0.151550393056 1.259574018075 0.967443300611 0.216152340401 -0.118534204692 -0.057282414709
92 -0.196578891100 0.115567582010 1.189793516462 0.847461921629 0.430378102238 -0.242639920882 -0.194187682855
93 -0.016714757978 0.071853658275 0.861952790793 -0.571569716085 -0.460586587136 0.424597590565 0.529985800155
94 -0.062906568733 0.083149027441 1.031214271160 0.689470009733 0.503452129677 -0.345602856114 -0.389519873079
95 -0.025394876811 0.073985886736 0.924197342262 -0.612134255188 -0.484283970604 0.396055883641 0.483632539589
96 -0.041567011876 0.078007420369 0.981406345412 -0.651896146541 -0.498068290023 0.370322458829 0.435684147014
97 -0.088686078126 0.100288465071 1.080514102735 0.724000253838 0.508878796615 -0.326052661943 -0.332499129792
98 -0.120782548061 0.118825565703 1.125408236342 0.760415879510 0.504102566857 -0.304836874001 -0.273354676932
99 -0.241763004177 0.146850238462 1.221249456777 0.884409294301 0.394148537764 -0.215688311425 -0.126276242901
100 -0.062588923326 0.131284896638 1.049703622187 0.675987763121 0.540143147344 -0.361881899770 -0.346882432507
101 -0.021059724573 0.126317711327 0.951088236050 -0.599999462684 -0.527903926884 0.413002239358 0.436746203097
102 -0.008617657471 0.124893079098 0.892248845357 -0.561581337240 -0.507728940624 0.441424430013 0.481645309309
103 -0.004181006309 0.124393085771 0.829978541431 -0.522326675972 -0.478938171091 0.473374615862 0.523172583162
104 -0.039855439783 0.128640008527 1.004040613920 0.638697419801 0.538783772712 -0.385933182491 -0.390938918155
105 -0.152296116732 0.146289391706 1.160851546858 0.788820867950 0.498796005237 -0.289283825684 -0.212788765022
106 -0.090056803971 0.148374209240 1.094464363891 0.708223835565 0.543812876138 -0.343348531507 -0.291201557808
107 -0.066543477049 0.175300169902 1.063549705849 0.660379939004 0.572247925145 -0.376063255615 -0.308232190044
108 -0.043652887428 0.175159378604 1.022074699711 0.623744328207 0.573213357455 -0.400211416427 -0.349571579080
109 -0.023702508188 0.175192330649 0.973701073057 -0.585965778664 -0.566324827347 0.425646074699 0.393377327935
110 -0.008686489897 0.175120822147 0.919156241737 -0.548339621225 -0.550134151628 0.454914550163 0.435578734481
111 -0.000638268115 0.175131588641 0.860100153343 0.511585691602 0.523972712758 -0.486486975210 -0.476511391531
112 -0.403644176518 0.186615301076 1.269212061716 -0.990759191701 -0.117697371515 0.067338188986 0.003021254161
113 -0.293552239109 0.180583206546 1.245507912109 -0.923450725216 -0.333881380637 0.180651111388 0.055921056774
114 -0.192193679326 0.177025452877 1.194313517939 -0.822014207153 -0.480546966326 0.269553536813 0.143903280227
115 -0.116043623712 0.175765772600 1.128427023300 -0.729575044031 -0.549763546834 0.331832479601 0.235303017524
116 -0.084200687316 0.202911132023 1.089714215619 -0.533069242156 -0.718912371183 0.301438907797 0.328841568796
117 -0.141827217087 0.206620502378 1.153923516615 -0.489411428121 -0.797761727915 0.221424252137 0.273905069209
118 -0.035600371306 0.221975659287 1.002018510045 -0.526364487095 -0.649808841475 0.400665661709 0.374374051809
119 -0.000797945384 0.225873844794 0.829935104749 -0.464450372698 -0.535689766573 0.530421735891 0.464731227979
120 -0.005151706301 0.225458421101 0.891933507875 -0.494142190205 -0.573386089322 0.490085127059 0.432282851316
121 -0.017436340124 0.224078304893 0.950111591352 -0.514706555377 -0.612462564244 0.445678198213 0.401668669135
122 -0.057187403343 0.219585232119 1.046460407416 0.528746659672 0.686711721963 -0.356865880601 -0.348569549648
123 -0.223577048718 0.210978716136 1.213245924892 0.386004857851 0.891374057937 -0.133263500818 -0.196706341478
124 -0.111072730618 0.233441064398 1.120011915863 0.493410709336 0.769879672801 -0.282416806594 -0.289951574488
125 -0.079932523602 0.251412166162 1.076658945426 0.497011269350 0.733911283381 -0.341689151822 -0.312414078854
126 -0.034179472537 0.273200813673 0.980084104637 -0.484771207239 -0.662723741435 0.444668129163 0.357860840204
127 -0.018284821548 0.277087896426 0.923684595844 -0.468927457794 -0.623644819017 0.492229206981 0.385855664347
128 -0.054728013917 0.268344284640 1.028826689644 -0.490349318624 -0.699943272488 0.397790727883 0.333765643392
129 -0.009656912087 0.279260710602 0.861857512113 -0.445384933541 -0.583116056275 0.537462670978 0.415622196315
130 -0.180836367557 0.240020409638 1.182798644393 0.421309261899 0.854647894139 -0.202649490931 -0.225850998632
131 -0.323083240234 0.215741002719 1.254141533456 0.209494098016 0.971071889780 -0.061421543639 -0.096741969320
132 -0.145368795927 0.266129666856 1.148624156805 0.439468260814 0.821908025735 -0.265049044065 -0.247151484083
133 -0.110524876770 0.285944083948 1.106525527032 0.452678445400 0.784138353171 -0.326446234044 -0.271370837251
134 -0.080916144452 0.304254590938 1.058361056998 -0.455131511229 -0.746192739407 0.386193944943 0.294798146036
135 -0.027575629480 0.331602491250 0.893913703489 -0.420332002918 -0.631495462655 0.538659971844 0.366578681289
136 -0.039949599921 0.326915550671 0.953773884229 -0.438026608805 -0.671876021665 0.491307767773 0.339605632596
137 -0.023296451061 0.333204781792 0.829999766754 -0.393579926136 -0.589765658163 0.584102901641 0.395088746187
138 -0.057800362678 0.320143335980 1.006836813208 -0.447831669419 -0.710080340089 0.442297318930 0.315603857751
139 -0.272687477067 0.245545889598 1.233961483614 0.285371168114 0.940029086393 -0.124190093572 -0.139590259967
140 -0.226445998671 0.273871508120 1.206342146162 0.337831969763 0.905268449331 -0.189738360647 -0.174235347234
141 -0.186473552771 0.299461662015 1.173455587571 0.371881948046 0.870489266863 -0.251764105227 -0.201412748323
142 -0.149144692314 0.321457858069 1.133890032650 0.395152030450 0.833491127243 -0.312482298523 -0.226941035563
143 -0.115551122037 0.341634044037 1.086830331318 -0.407375410102 -0.793788601684 0.375015643885 0.251611217551
144 -0.088079629962 0.359010192805 1.034545226217 -0.408431007668 -0.754210435860 0.434464514928 0.274938761470
145 -0.045691644064 0.384174759601 0.861871435281 -0.368824069522 -0.634814433920 0.585367868154 0.343982421114
146 -0.053589903375 0.379952703964 0.923776759875 -0.388693327860 -0.676765615670 0.537453030663 0.319452727379
147 -0.068033829941 0.372216121566 0.980193755861 -0.401350801298 -0.716180704190 0.488135901651 0.296185890341
148 -0.075090537757 0.429130623251 0.892041984670 0.338739753625 0.677041140241 -0.582031572405 -0.296833167509
149 -0.071399293282 0.431731181574 0.829905816858 0.317740714054 0.633838029262 -0.628565375889 -0.319680725728
150 -0.085215661756 0.422087085279 0.950395896828 0.352697745540 0.717711071427 -0.533307264109 -0.275823289744
151 -0.102573425188 0.412439623389 1.005611117445 0.359369429058 0.757514790069 -0.482061766863 -0.254246762200
152 -0.127350571986 0.397985607719 1.060705728293 0.358774646828 0.798279140559 -0.425097038242 -0.230919209888
153 -0.158869906746 0.378695417601 1.111953053542 0.348085281006 0.839016932488 -0.364011394139 -0.205871163489
154 -0.194971924450 0.355996778887 1.156466010178 0.326603867148 0.876992694317 -0.302370510597 -0.181068520940
155 -0.233286945069 0.331598768808 1.192448868088 -0.295043617349 -0.911127140310 0.243187639895 0.153806296126
156 -0.276796587617 0.306456364420 1.222293941055 -0.246962340424 -0.943318773112 0.185111926791 0.122036372209
157 -0.102465816449 0.471771809820 0.860089972986 0.289882800966 0.672475091580 -0.624003592191 -0.272698985541
158 -0.108447244352 0.466498305424 0.918602112542 0.305369003305 0.714415045717 -0.576006514886 -0.254120868796
159 -0.123790740342 0.461539988534 0.973068462290 0.310570816930 0.754424831188 -0.529619240604 -0.232147385543
160 -0.324867865350 0.278509144089 1.245976947492 0.180161274309 0.971792536840 -0.127207409808 -0.083543176534
161 -0.145842847734 0.450891984566 1.029029645427 0.308784987732 0.796442612711 -0.476218389189 -0.208679296250
162 -0.174679387257 0.434360541220 1.083135766416 0.298948065825 0.838023745767 -0.417587925921 -0.184300261720
163 -0.208773679337 0.412708124316 1.131881754007 0.278779912053 0.877027607390 -0.356971646327 -0.160236035601
164 -0.133656010096 0.506791733297 0.830000136797 0.245340507240 0.665172613985 -0.660311265048 -0.247674119032
165 -0.136142326519 0.504054574516 0.887058234753 0.260945232897 0.706870792121 -0.615311660913 -0.231587641064
166 -0.245781386994 0.387488930670 1.172733587562 0.250168448061 0.911699323048 -0.297249119345 -0.133652758565
167 -0.150075146553 0.503474572167 0.938972197314 0.262976730931 0.746535344768 -0.573956079692 -0.210006293858
168 -0.169966190428 0.497309601533 0.993764918448 0.260296262816 0.788339344854 -0.525149617942 -0.187042290860
169 -0.283120329552 0.360961620875 1.204686335327 0.212500408840 0.940579739167 -0.242136305582 -0.107346853265
170 -0.375245128314 0.249235990153 1.261868750999 0.095564421045 0.991818186642 -0.075113178478 -0.039014655832
171 -0.196170008778 0.484730149461 1.048761681528 0.250068463780 0.829907074585 -0.470903255511 -0.164225886512
172 -0.165907095897 0.533937531894 0.857190923070 0.219996292138 0.696575351435 -0.650253371735 -0.208698276563
173 -0.227670251755 0.465700184229 1.100371951975 0.232438146435 0.869783704479 -0.412257900400 -0.139614633675
174 -0.179173868739 0.537195869896 0.905385908604 0.220009223849 0.734758596529 -0.613610998308 -0.187636072966
175 -0.197572780260 0.535151699933 0.957558898701 0.215736948521 0.775401235510 -0.569799339858 -0.165949426589
176 -0.328380688391 0.335902974801 1.230499067294 0.154164271445 0.966832488921 -0.190073275438 -0.073078537315
177 -0.262575566031 0.441526550927 1.145490821891 0.206050838341 0.905129719438 -0.354129485653 -0.113470512796
178 -0.195882205389 0.556845550642 0.829991165985 0.184442222998 0.684635230810 -0.679967923284 -0.186813536149
179 -0.221582786714 0.527018155974 1.011422410244 0.205577435516 0.816650773906 -0.520139766785 -0.142387012644
180 -0.209044360552 0.562729076381 0.874008362284 0.181738733291 0.720964821327 -0.647749156017 -0.166137885458
181 -0.298427556289 0.414081453269 1.182053006173 0.172048266228 0.934721832738 -0.297965387642 -0.088944500297
182 -0.250486228394 0.511726297468 1.063825642993 0.188627198017 0.856253400544 -0.465799310203 -0.119502735176
183 -0.226659649875 0.564341261280 0.922480120640 0.176281310423 0.759441609236 -0.609158807117 -0.145254591471
184 -0.235757683979 0.580547904145 0.829994794391 0.148312895772 0.693373193942 -0.688765977202 -0.151123573257
185 -0.248812494396 0.560148055361 0.973621101635 0.165277262163 0.799135276427 -0.564736905037 -0.123038496197
186 -0.282798790889 0.490320851455 1.111594210357 0.164482846855 0.892192445530 -0.409690784546 -0.095349363726
187 -0.333146500568 0.385792262317 1.210010231500 0.133119373511 0.957634910008 -0.247321452934 -0.063613813931
188 -0.253236420710 0.586404283679 0.876564621576 0.141019395030 0.731914250871 -0.654110222987 -0.128665778886
189 -0.275281680436 0.549283905679 1.024896331318 0.148312285674 0.837773804581 -0.515687238501 -0.101020776072
190 -0.376544157244 0.308110097269 1.249826519012 0.080865115284 0.986008475355 -0.141891497667 -0.033390558871
191 -0.316653067986 0.464060395474 1.152267402395 0.133023418324 0.922732496001 -0.354730533715 -0.070963133566
192 -0.275167736532 0.586914673493 0.927424840162 0.129342565554 0.772510061576 -0.612608187004 -0.105876917173
193 -0.305051667233 0.531538244779 1.073634220952 0.126380599804 0.873756037073 -0.463289529354 -0.077078859215
194 -0.282816503283 0.601765768015 0.829856532676 0.107038355650 0.700695092773 -0.696687105091 -0.110436687100
195 -0.301537226036 0.580271498809 0.980498078042 0.112500485303 0.812744457839 -0.565643735479 -0.082687716417
196 -0.350018424174 0.435258188238 1.184920798815 0.097776080507 0.946517965723 -0.303703975900 -0.048036241957
197 -0.304973147333 0.606609956858 0.878803432813 0.094719464164 0.740875768391 -0.659235592645 -0.086831786713
198 -0.336700428656 0.507956167254 1.117030542175 0.098448658073 0.905075798616 -0.410105412698 -0.054398693311
199 -0.378677476864 0.360706525994 1.231502257961 0.068696480640 0.976320957098 -0.203056859636 -0.029087813740
200 -0.331412014964 0.565910735643 1.032787323588 0.089435743657 0.851515075405 -0.513360069831 -0.058178773562
201 -0.331426815700 0.604868075954 0.931343368638 0.076672866238 0.782349094638 -0.614906303703 -0.062780651816
202 -0.336476400923 0.618453665637 0.829905355296 0.062216639590 0.706137281152 -0.702271191095 -0.065684175866
203 -0.381151180574 0.406063877981 1.209470768255 0.059262920684 0.964166703997 -0.257429085474 -0.024510119593
204 -0.368080183162 0.480430310383 1.153644944599 0.066209648071 0.930322104634 -0.359265160859 -0.032335973766
205 -0.363048425966 0.543944750749 1.081003548160 0.061965167107 0.885230529555 -0.459635188740 -0.035534880823
206 -0.361229505926 0.594827175232 0.985396214858 0.053593010493 0.822112726173 -0.565513744809 -0.038113855726
207 -0.363140860894 0.620949335959 0.880124498740 0.043576529648 0.746965627168 -0.662115211114 -0.041795836870
208 -0.397955667817 0.450962094683 1.182576744363 0.030910414449 0.949279890680 -0.312714380664 -0.011043479077
209 -0.395030617615 0.516393860453 1.122725701459 0.029126298284 0.912889253388 -0.406960879902 -0.012950633211
210 -0.393098741565 0.576154826052 1.037226617450 0.025266980104 0.858527803179 -0.511942681048 -0.014362767153
211 -0.393080039593 0.615662791426 0.933658301161 0.020462093404 0.787357019349 -0.615934868231 -0.016567190112
212 -0.395087357870 0.628381561860 0.829906327099 0.015028097540 0.708764533684 -0.705043148245 -0.018470464608
213 -0.425046779337 0.421600367440 1.204639986083 -0.006064727209 0.962372358715 -0.271481116525 0.010033569147
214 -0.425148233101 0.380867363216 1.227018851150 0.005128169430 -0.975506632557 0.219694770120 -0.009732757724
215 -0.425107095405 0.333104634037 1.246523978497 0.004536269776 -0.986704195161 0.162113504831 -0.010652320572
216 -0.425124534543 0.279009215295 1.261507949229 0.004599776973 -0.994988688054 0.099299535147 -0.010768560274
217 -0.425010887910 0.220198727790 1.269445838562 0.003147657977 -0.999414237563 0.032163565819 -0.011259925124
218 -0.425103830366 0.485336292078 1.156579470022 -0.007189042084 0.933994878582 -0.357089202211 0.009444204337
219 -0.425071519942 0.549969156754 1.083785014576 -0.007663729100 0.889005468535 -0.457749980880 0.008689421806
220 -0.425096757602 0.601382245137 0.987083605953 -0.008438916827 0.824659830082 -0.565514869979 0.007608419032
221 -0.425126947080 0.627541616014 0.880746036910 -0.009763675594 0.748479911989 -0.663056509008 0.006210050310
222 -0.455315141713 0.630433022017 0.829950043276 -0.034101164616 0.708030242847 -0.704737245474 0.029592355461
223 -0.457235581959 0.617880815625 0.933594519739 -0.038184503372 0.786463590007 -0.615707352033 0.030355046100
224 -0.457238084022 0.578577123225 1.037236337221 -0.041906854181 0.857738550287 -0.511488793270 0.030126668555
225 -0.455306368546 0.518726536371 1.122951884788 -0.043469073585 0.912379627867 -0.405925378934 0.029974120635
226 -0.452397408324 0.453449297501 1.183105459520 -0.042802685650 0.948581552465 -0.312166632119 0.030215378374
227 -0.487363858317 0.625208561528 0.880202718688 -0.062944824243 0.745451046647 -0.661436840187 0.053310406801
228 -0.489378400755 0.599367068034 0.985478288377 -0.070698220000 0.820941210888 -0.564089023220 0.053487107910
229 -0.487490281126 0.548807622529 1.081376575603 -0.076246271531 0.883931093705 -0.458450967856 0.051720833385
230 -0.482510862879 0.485253933040 1.154354234725 -0.079183022989 0.928744507307 -0.358596922701 0.050714326602
231 -0.469473099046 0.410351494526 1.210510047334 -0.070404390589 0.962919303628 -0.256738599901 0.043759966664
232 -0.514370129397 0.624404673959 0.829957011917 -0.081981504598 0.704027114288 -0.701166681953 0.077396035069
233 -0.519527842742 0.611425937974 0.931433389758 -0.094709828984 0.780145481421 -0.613640540648 0.076474635407
234 -0.519666810678 0.572901854503 1.033161314349 -0.106145146719 0.849289851539 -0.511747276777 0.074529775837
235 -0.471982644568 0.365502198603 1.232877763821 0.079686127187 -0.975016857084 0.201503645719 -0.048872662825
236 -0.514474978253 0.515201284718 1.117944224324 -0.112366741903 0.903011035193 -0.408355822993 0.072043836207
237 -0.546395096988 0.614795518276 0.878708165762 -0.113595757536 0.738391960200 -0.657305136970 0.099112465262
238 -0.501102566399 0.442195542870 1.186291843367 -0.109507864366 0.944575864599 -0.302225431749 0.066665275358
239 -0.550009924281 0.589052589116 0.980827845640 -0.129413864128 0.810311255816 -0.563385105247 0.096150665781
240 -0.568911408893 0.611444676413 0.829902250042 -0.126548059101 0.697278237828 -0.695021600355 0.121382163863
241 -0.546609866321 0.540858779591 1.074400849506 -0.141828926632 0.871088406512 -0.460685428121 0.094119534647
242 -0.576884421794 0.597262722953 0.927602989647 -0.147363541408 0.769037893303 -0.610526015822 0.118838950717
243 -0.535126010627 0.473404084396 1.153858170879 0.146226603468 -0.919912677988 0.352612398111 -0.089682489311
244 -0.474210103696 0.313464188799 1.251593523747 -0.090663123214 0.984519315632 -0.139960419292 0.053972244193
245 -0.577124038226 0.560347302738 1.025551854442 0.165078560520 -0.834255581272 0.513259389362 -0.115462115342
246 -0.599360333816 0.598137215392 0.876588025515 -0.159324504743 0.728246402742 -0.651623243211 0.140214246292
247 -0.518400612970 0.394804833929 1.212165935645 0.144422570168 -0.955107603456 0.244778637299 -0.083636192183
248 -0.569786211138 0.501904761739 1.113019771942 0.178311401693 -0.888629522677 0.407313269584 -0.112421184609
249 -0.604231149553 0.572844096368 0.973929823006 0.182340219546 -0.795193504863 0.561740592812 -0.137356643163
250 -0.617394760293 0.593418663157 0.829866968208 -0.167466268294 0.689015073358 -0.686281926366 0.161958025692
251 -0.626952640392 0.578127316887 0.922635566811 0.193030381267 -0.754907116438 0.606556308783 -0.157936596802
252 -0.603035785072 0.525396659409 1.064910039960 0.203543707324 -0.852062412788 0.462813375173 -0.135511588281
253 -0.554186235670 0.425726138968 1.184262065660 0.183979211998 -0.931564134931 0.294575197251 -0.107542420011
254 -0.645193641610 0.577571385174 0.874150821078 0.200153555299 -0.715938955793 0.644381674770 -0.179282542305
255 -0.632721653496 0.541888216078 1.012098056041 -0.221507232542 0.811690526672 -0.516952837265 0.157647726787
256 -0.658761244880 0.572523319319 0.829934483710 -0.202923521466 0.679261784226 -0.676907453685 0.198044891240
257 -0.591257439074 0.455448935786 1.147645259451 -0.218944112233 0.901059625929 -0.350347463916 0.131953354035
258 -0.523786423166 0.345992467097 1.233580652474 0.164808188387 -0.963780931174 0.187936067162 -0.092976444757
259 -0.657275747811 0.551375326266 0.957854105518 0.232813372329 -0.770305171008 0.566023522069 -0.179011889335
260 -0.676423467571 0.554230885015 0.905577454700 0.237595437647 -0.729208421175 0.609739506776 -0.200053061083
261 -0.627354618146 0.481642689154 1.102163391701 -0.246380501281 0.864922035804 -0.408461650196 0.156094867833
262 -0.690260696697 0.551687730840 0.857213773287 0.238319806558 -0.690383176330 0.646345665181 -0.220934441904
263 -0.659797621101 0.502207910412 1.050121421403 0.265246182239 -0.824731033224 0.466378388211 -0.178757913192
264 -0.475731779178 0.255307075630 1.264320519845 0.102709921610 -0.990217549358 0.072613269762 -0.060392026581
265 -0.570827080501 0.374756587621 1.208133632609 0.223803227857 -0.936409256330 0.238592389875 -0.126978337635
266 -0.686803287600 0.515977055764 0.994620106919 0.276411096884 -0.781960339929 0.521015888016 -0.201686349580
267 -0.707411884227 0.522832610117 0.939296863833 0.280258926798 -0.740153159278 0.569312343718 -0.222512239946
268 -0.609628723627 0.403876420219 1.176078441451 0.262147252267 -0.906848603169 0.292873552357 -0.152083918493
269 -0.721675539601 0.523981924368 0.887208582901 0.278572018003 -0.700007354936 0.611088232278 -0.242813741512
270 -0.724179205984 0.526742204026 0.829977190365 0.263649400426 -0.657565224428 0.656435726116 -0.259208629546
271 -0.647972625466 0.431055558748 1.134640828692 -0.292513839241 0.871425072708 -0.351822564101 0.176847071711
272 -0.683235393015 0.454241784060 1.085158209549 -0.312576754658 0.831919946002 -0.412055159384 0.201036137028
273 -0.713044254993 0.471997405829 1.030381258457 0.323997506100 -0.789591272152 0.470610816062 -0.223822933729
274 -0.527917429041 0.289845580096 1.250147556388 0.188932616142 -0.968491141560 0.124003278199 -0.104654522828
275 -0.735865236960 0.483303459931 0.973722248308 0.326391378661 -0.747389563852 0.523995064290 -0.245574199082
276 -0.751524763130 0.488676553440 0.918901776323 0.321821109516 -0.706714543904 0.571184656408 -0.265958308880
277 -0.757614568815 0.493962504288 0.860009462158 0.307537914699 -0.664961185549 0.618891546588 -0.283231907050
278 -0.578342001196 0.322121451069 1.227012897900 0.256429386730 -0.938760687641 0.181029676552 -0.142128829039
279 -0.623905941265 0.350269433733 1.196983451547 0.306057201013 -0.905531867784 0.237871322968 -0.172505845466
280 -0.663872234457 0.376722732783 1.160440373811 -0.338122284342 0.870776030761 -0.296619891587 0.198592728650
281 -0.701612057846 0.401055180986 1.115083548770 -0.361045038201 0.831861360547 -0.358035965086 0.222403713546
282 -0.734199118833 0.421275500910 1.062810035275 -0.372540555181 0.790664308731 -0.419324795792 0.245418434828
283 -0.759745236209 0.436357429370 1.006879260192 -0.374479615870 0.749469385870 -0.475711916582 0.267878398229
284 -0.777508827055 0.446185215999 0.950934280329 0.369115002432 -0.709131835833 0.527163267538 -0.288071259623
285 -0.791377564755 0.456036479382 0.830018676823 -0.335272731101 0.624742667515 -0.623279660133 0.329865529126
286 -0.787793085109 0.453347826151 0.892121504650 -0.354859565700 0.668441602822 -0.576531341621 0.308013199800
287 -0.797575299203 0.398293470031 0.981229788342 -0.416397023269 0.707167137856 -0.480731345931 0.308910242729
288 -0.812353433228 0.406191697955 0.924282207258 -0.404084659140 0.667700470371 -0.530316281806 0.331143953953
289 -0.820242531227 0.410366704967 0.861943072995 -0.385424711065 0.624900151131 -0.578958718144 0.354618672345
290 -0.777034443359 0.384849093095 1.036457632502 -0.422611284931 0.745531407893 -0.426677345674 0.289013963774
291 -0.748797479215 0.366939405186 1.089922015143 -0.420546994278 0.785710872896 -0.366681226076 0.267102106196
292 -0.713988440339 0.345502508666 1.138161345259 -0.407401463060 0.825288954153 -0.305576633646 0.244018683494
293 -0.674857053374 0.322022443162 1.178809559316 -0.382367731681 0.863641350537 -0.244444621459 0.219466100630
294 -0.632814225703 0.294385078013 1.212383558873 0.347639924093 -0.899023334784 0.183363316775 -0.193083991119
295 -0.583691135766 0.262708042649 1.240212204522 0.293134013821 -0.935279960906 0.118763398340 -0.158805247896
296 -0.810867652113 0.347547759972 1.008592988218 0.461297846029 -0.700246138066 0.434768310471 -0.328384175102
297 -0.846098971746 0.361086695228 0.829982839908 0.410375611141 -0.577982118793 0.577811628885 -0.404551920693
298 -0.829213209110 0.354578593240 0.954526724559 0.452611197561 -0.661574048968 0.483314506906 -0.351951666943
299 -0.841758318843 0.359385880455 0.894145411586 0.435460797520 -0.620707561768 0.532174607180 -0.376677860957
300 -0.787493423980 0.331441037509 1.061155718038 0.467973155032 -0.737000507433 0.378144076894 -0.307958507267
301 -0.756797699667 0.312639273307 1.110741289569 0.464636779639 -0.775180188941 0.317501985318 -0.287055454353
302 -0.720514635060 0.291786036267 1.154175024574 0.450115291595 -0.813484150589 0.257339327539 -0.263469615687
303 -0.530571637984 0.228458396545 1.259516982938 0.216210935504 -0.967597956159 0.056553689370 -0.117510483354
304 -0.683385454747 0.264384935678 1.189640222322 0.429969908337 -0.847467871574 0.195041168278 -0.242658266141
305 -0.863240882042 0.308122970400 0.861964655473 -0.460523265524 0.571255490997 -0.530269001356 0.424735540063
306 -0.817045994048 0.296912034054 1.031272933990 0.502969656619 -0.689509467455 0.389357302529 -0.346408886509
307 -0.854616847806 0.305959229405 0.924211073772 0.483803299931 -0.612616347314 0.483662771877 -0.395860970486
308 -0.838375477871 0.301988725039 0.981465675866 0.498378632935 -0.651895036868 0.435782507521 -0.369790768077
309 -0.791361426402 0.279684183956 1.080426839209 0.508281139297 -0.724118410681 0.332900747925 -0.326312594997
310 -0.759256943730 0.261135181215 1.125399046331 0.503950986696 -0.760084834710 0.273732440882 -0.305573239561
311 -0.638200951000 0.233167236309 1.221133332673 0.394252089450 -0.884514621416 0.126056781359 -0.215194956293
312 -0.817468229298 0.248786470978 1.049634822719 0.540184247330 -0.675911930372 0.347278911074 -0.361581811095
313 -0.858891106281 0.253561910088 0.951133051258 0.527703359161 -0.600117689042 0.436858602559 -0.412967907074
314 -0.871368686491 0.255032343592 0.892223233160 0.507849636186 -0.561407488900 0.481847002990 -0.441286586038
315 -0.875772829517 0.255616602087 0.829866608313 -0.478772994770 0.523027801176 -0.522909183104 0.473058486634
316 -0.840252411112 0.251299094977 1.004045493054 0.538308777723 -0.638569646740 0.391263546567 -0.386478084878
317 -0.727567172045 0.233627757651 1.160955118106 -0.498417143632 0.788825165710 -0.213071382430 0.289716761235
318 -0.789953673209 0.231631575299 1.094562657412 -0.543579249402 0.708435087332 -0.291350877251 0.343155941019
319 -0.815968525149 0.204654052088 1.059430045857 0.671576806461 -0.561476919541 0.363008847925 -0.319300555979
320 -0.837677617201 0.204798784409 1.019398216456 0.635049138831 -0.562015210674 0.388734797281 -0.360189892277
321 -0.856911764893 0.204899947352 0.972227150460 -0.598076941806 0.554248288266 -0.415800521058 0.402768842138
322 -0.871519894194 0.204802276780 0.918519992371 -0.561451464325 0.537162018438 -0.445261844263 0.444939452143
323 -0.879416866117 0.204858122846 0.860017779161 -0.525366954763 0.510838135644 -0.477290976239 0.485002363799
324 -0.505080749631 0.193311789216 1.265893969044 0.992692253879 -0.111469985445 0.045871362463 -0.005688269931
325 -0.607995620935 0.199316441634 1.237331841675 0.929017300479 -0.327793223687 0.159942068173 -0.062425953093
326 -0.700064465465 0.202909765643 1.185585045373 -0.830555830154 0.472422078278 -0.251775140374 0.153634887045
327 -0.769755255603 0.204220739268 1.122016874055 -0.739901267387 0.539960437979 -0.317570592199 0.245230026264
328 -0.795735119894 0.177127247315 1.089731376476 -0.719214273121 0.532789439593 -0.328863148437 0.301189772190
329 -0.738254643166 0.173251404217 1.153984841808 -0.797886590550 0.489289374333 -0.273578418801 0.221647811690
330 -0.844413222188 0.158057618574 1.001960024753 -0.649916885278 0.525893686558 -0.374228547184 0.401244157611
331 -0.879177267848 0.154002076373 0.829959281601 -0.535497745975 0.464207477913 -0.464948418935 0.530637876626
332 -0.874815100973 0.154548356656 0.891905324113 -0.573542649859 0.494199997646 -0.431793465735 0.490275025819
333 -0.862516417870 0.155880743539 0.950197833005 -0.611974328528 0.514767624519 -0.401564056943 0.446372074637
334 -0.822713677701 0.160351458341 1.046366382958 -0.686875082884 0.528361995715 -0.348939427716 0.356759729591
335 -0.656533300308 0.169022506108 1.213327769139 -0.891539838638 0.385616889728 -0.196934473722 0.132940401729
336 -0.768913268159 0.146506778003 1.120108917730 0.770192846114 -0.492794808416 0.290292704921 -0.282287812237
337 -0.799998047180 0.128470324362 1.076625302865 0.734095825202 -0.496715421713 0.312794481370 -0.341374762618
338 -0.845868696090 0.106702062610 0.980128580161 -0.662633081397 0.484427280592 -0.358653599710 0.444539325083
339 -0.861650417837 0.102884621676 0.923756948647 -0.623715973924 0.469536737678 -0.386076159331 0.491384617091
340 -0.825329068062 0.111677861056 1.028975124565 0.699964241623 -0.490359376525 0.333497053583 -0.397966662460
341 -0.870337564523 0.100779208405 0.861962512140 0.583616067776 -0.445524969226 0.415955544254 -0.536545225781
342 -0.699263634291 0.139958997781 1.182877349775 0.855057335126 -0.420957708512 0.225354041290 -0.202205648391
343 -0.556971008172 0.164230276850 1.253985344438 0.971057159077 -0.209387062432 0.097476396003 -0.060855656997
344 -0.734753834172 0.113865220458 1.148600420383 0.821950842279 -0.438994817030 0.247943815813 -0.264960817051
345 -0.769422796885 0.094143450736 1.106470891508 0.784153232177 -0.452815589548 0.271785937896 -0.325874456142
346 -0.799141362452 0.075741845374 1.058357162127 0.746490980195 -0.455008821390 0.294662939359 -0.385865194062
347 -0.852406258276 0.048447155328 0.893905559072 0.631318460581 -0.419579933950 0.366977629204 -0.539181886653
348 -0.840124441940 0.053173475643 0.953712440311 -0.672342781083 0.437990880726 -0.339941317347 0.490468226047
349 -0.856717271614 0.046829382329 0.829873387504 0.589322939008 -0.393632445917 0.395773875673 -0.584050526316
350 -0.822127380934 0.059979410683 1.006811913137 -0.709898664868 0.447356242041 -0.316502998704 0.442427550015
351 -0.607182081268 0.134464588137 1.234010730560 -0.940092864195 0.285083233120 -0.139871125434 0.124052537368
352 -0.653471174353 0.106081114659 1.206304848326 -0.905287260168 0.338236684917 -0.174252902120 0.188909646472
353 -0.693542259654 0.080517734046 1.173443017419 0.870336559313 -0.371968732535 0.201969455728 -0.251717860643
354 -0.730909298724 0.058584694344 1.133922134938 0.833345130990 -0.395139539607 0.227570022188 -0.312430038202
355 -0.764390709180 0.038274342098 1.086915110960 0.794078182101 -0.406764598446 0.252146811083 -0.374705744147
356 -0.791810061129 0.020972986626 1.034461574570 -0.754852293192 0.407854961009 -0.274880699258 0.433927360618
357 -0.834254549126 -0.004198267985 0.861919659039 0.635007653315 -0.368443519835 0.344762811683 -0.584938683520
358 -0.826360045206 -0.000024036199 0.923797160290 -0.677233169729 0.388399895125 -0.319492736499 0.537052281891
359 -0.812043248543 0.007740007759 0.980192149028 -0.716307623552 0.401047239176 -0.296788848278 0.487832847196
360 -0.804928907894 -0.049025257810 0.892050677484 -0.677305069770 0.338497571938 -0.296276041780 0.582149250792
361 -0.808569737583 -0.051685616254 0.829947364561 0.633681959638 -0.317491979929 0.319462737139 -0.628959126784
362 -0.794747374264 -0.041994261097 0.950307129492 -0.717527191319 0.353219522112 -0.275504289681 0.533374251497
363 -0.777388578585 -0.032477089380 1.005533617666 -0.757465127097 0.359406698202 -0.254254598411 0.482107884794
364 -0.752678954811 -0.017981639700 1.060695116282 0.798486113450 -0.358127217142 0.231065611603 -0.425174685252
365 -0.721247865966 0.001248700719 1.111945518474 0.838969840054 -0.347667737949 0.206871689134 -0.363951731110
366 -0.684994691897 0.024090404269 1.156428237364 0.877178841915 -0.326553738190 0.180868105011 -0.302004421879
367 -0.646792053762 0.048322548359 1.192481116196 -0.911243073318 0.294486199938 -0.154139964363 0.243217634305
368 -0.603204606085 0.073467421323 1.222361114719 -0.943170810943 0.246899081069 -0.122614133572 0.185567902060
369 -0.777502855509 -0.091749776216 0.860003644315 0.672686173835 -0.290492377359 0.272640482921 -0.623517974219
370 -0.771421865334 -0.086463377731 0.918687464623 -0.714670355955 0.304895460100 -0.253665752959 0.576141244297
371 -0.756317186230 -0.081599768582 0.973041813473 -0.754243111317 0.309786765956 -0.232213155156 0.530307972896
372 -0.555157657529 0.101526783520 1.246068952701 -0.971623252879 0.180649368565 -0.084189215042 0.127382271323
373 -0.734094426771 -0.070837143651 1.029051757168 -0.796504151919 0.308407231366 -0.209424281971 0.476033184361
374 -0.705225706078 -0.054361870534 1.083180336385 0.837606752739 -0.298780721560 0.185322603657 -0.418091554134
375 -0.671144505487 -0.032694118579 1.132031346583 0.877185487321 -0.278962460423 0.160057552674 -0.356520901512
376 -0.746353093846 -0.126785626663 0.829937623951 0.664536131598 -0.245776719860 0.248391043594 -0.660520575086
377 -0.743752597006 -0.124082454691 0.887138076419 -0.706341866017 0.260763581424 -0.231900147547 0.615878114043
378 -0.634170211073 -0.007455702698 1.172819589542 0.911491095520 -0.249887690090 0.133925315558 -0.298000238015
379 -0.730031445029 -0.123462786533 0.938913799746 -0.746298837089 0.263272833679 -0.210132427049 0.574081728314
380 -0.710078342376 -0.117253804731 0.993785886792 -0.788125045837 0.259833823569 -0.187918838388 0.525387298388
381 -0.596950418150 0.019122211407 1.204709603878 0.940335271208 -0.212699767375 0.107655341877 -0.242772982272
382 -0.504788719789 0.130732011999 1.261825039947 -0.991856311125 0.095075288357 -0.039439739800 0.075008409025
383 -0.683921063061 -0.104667099309 1.048743772957 -0.830004666231 0.250730469629 -0.163834543595 0.470515392770
384 -0.714028502027 -0.153950998681 0.857174368530 -0.696628569652 0.220029132628 -0.209426394289 0.649951081997
385 -0.652310312640 -0.085640436759 1.100321207194 0.869995644862 -0.232095249253 0.139413383971 -0.412071945709
386 -0.700859755695 -0.157127001879 0.905452619945 -0.734915569643 0.219740398492 -0.188442336490 0.613272170785
387 -0.682355043973 -0.155225453203 0.957479460119 -0.775408182947 0.215195836072 -0.166421508426 0.569856815669
388 -0.551496997688 0.044134231121 1.230546672378 -0.966755008091 0.154591880652 -0.073234585024 0.190060009468
389 -0.617373954321 -0.061532726585 1.145450871288 0.905209957799 -0.206246488891 0.114191826315 -0.353578211713
390 -0.684215496326 -0.176882354945 0.829956674939 -0.684153397940 0.184177467412 -0.187559962748 0.680319083837
391 -0.658493393814 -0.146977280367 1.011448796376 -0.816678609115 0.205324712426 -0.142321543813 0.520213799243
392 -0.671030782131 -0.182717107717 0.874116788774 -0.720995497214 0.181877522808 -0.166450741847 0.647595720421
393 -0.581577363002 -0.034052617396 1.182106222925 0.934742207735 -0.171661684224 0.088599327098 -0.298227157316
394 -0.629504211350 -0.131883121604 1.063828891564 0.856031620662 -0.188488069153 0.119436145607 -0.466280094161
395 -0.653427741518 -0.184319064423 0.922380780536 -0.759526770138 0.175658579772 -0.145325051065 0.609215713195
396 -0.644180081437 -0.200527538940 0.829908125119 -0.693162496768 0.148404269690 -0.151201001953 0.688941354323
397 -0.631279702984 -0.180179100755 0.973481249892 -0.799083065215 0.164839904873 -0.123383723051 0.564863279394
398 -0.597103107948 -0.110361385294 1.111632015522 0.892173263859 -0.163596173435 0.095155031631 -0.410132522635
399 -0.546835859116 -0.005838257617 1.210018464591 0.957628659260 -0.132687695955 0.064418163729 -0.247369426897
400 -0.626736565741 -0.206479317551 0.876500569024 0.731616658634 -0.141054617225 0.129133135255 -0.654343411385
401 -0.604665335624 -0.169270320681 1.024877142929 -0.837757376881 0.148534072146 -0.100859717646 0.515681617982
402 -0.503497401270 0.071949170100 1.249707077829 -0.985934870863 0.081577548609 -0.033562662665 0.141954529795
403 -0.563320557203 -0.084018150869 1.152262240668 -0.922529070633 0.133208305779 -0.071198901491 0.355142766237
404 -0.604779913422 -0.206898919624 0.927384066411 -0.772470333303 0.129045874779 -0.105174994516 0.612841720000
405 -0.574916100567 -0.151555263513 1.073715526936 -0.873841670443 0.125951368166 -0.077647924740 0.463149861830
406 -0.597178412010 -0.221743186384 0.829926444557 -0.700899025427 0.107033454826 -0.110448123537 0.696480878837
407 -0.578499070289 -0.200290305275 0.980553211557 -0.813088688371 0.112544460234 -0.082332619317 0.565191893064
408 -0.530138434194 -0.055226807757 1.184924917337 0.946439185811 -0.097884928647 0.048059667704 -0.303910650555
409 -0.574973994170 -0.226665150238 0.878762753223 -0.741071743113 0.094514311597 -0.086300502088 0.659114517119
410 -0.543363593399 -0.127933685304 1.117016717125 -0.905128168807 0.098104514119 -0.055159118557 0.409970707315
411 -0.501335416898 0.019179509353 1.231590732116 0.976417009525 -0.069343590450 0.028111967738 -0.202511762915
412 -0.548565860765 -0.185885236974 1.032920721472 -0.851471457192 0.089939644529 -0.058600975217 0.513296357388
413 -0.548590308239 -0.224827892633 0.931336148982 -0.782115405701 0.076216183717 -0.062306853928 0.615308417245
414 -0.543443350820 -0.238473277987 0.829903679637 -0.705796349648 0.062056440504 -0.065342153586 0.702659889887
415 -0.498895862278 -0.026047765679 1.209605624783 0.964215069140 -0.058642089626 0.024913744944 -0.257351351181
416 -0.512011189915 -0.100397555621 1.153558272064 0.930127426671 -0.065871883383 0.032093693127 -0.359852562683
417 -0.516877883993 -0.163945511473 1.080979359866 0.885103055976 -0.061178095418 0.035013647260 -0.460025947446
418 -0.518773487151 -0.214867590331 0.985258028225 0.822144796026 -0.053527335974 0.038090603055 -0.565474907935
419 -0.516875870927 -0.240966292161 0.880214192603 0.746862820241 -0.043549350459 0.040989350221 -0.662283369759
420 -0.482020257811 -0.070970398298 1.182632817990 0.949147380659 -0.030296943046 0.010991573174 -0.313178123796
421 -0.484993035710 -0.136359308306 1.122623507860 0.913132561991 -0.028559309432 0.012705342598 -0.406462632010
422 -0.486844763272 -0.196184118928 1.037137857016 0.858577651318 -0.025124250802 0.014160585173 -0.511871735283
423 -0.486958723767 -0.235722243181 0.933555271416 0.786883617439 -0.019458601292 0.016476282100 -0.616574467882
424 -0.484960083599 -0.248459729375 0.829842319393 0.708868425707 -0.013949378338 0.018706571051 -0.704954637515
